evaluation F1 0.7768042900099391
              precision    recall  f1-score   support

        业绩下滑       0.94      0.95      0.94       157
        提现困难       0.51      0.82      0.63       125
        交易违规       0.93      0.95      0.94       415
        失联跑路       0.52      0.44      0.48        75
        涉嫌违法       0.69      0.35      0.46       278
        不能履职       0.97      0.91      0.94       339
        涉嫌传销       0.75      0.85      0.80       711
        投诉维权       0.29      0.25      0.27        55
        财务造假       0.95      0.90      0.92       134
      涉嫌非法集资       0.70      0.81      0.75       809
      资金账户风险       0.81      0.86      0.83        72
        资产负面       0.46      0.42      0.44        76
     实控人股东变更       0.97      0.98      0.98       425
        高管负面       0.30      0.29      0.30       121
        涉嫌欺诈       0.47      0.31      0.38       318
        歇业停业       0.79      0.65      0.71       102
        重组失败       0.95      0.98      0.96       249
    履行连带担保责任       0.78      0.74      0.76        19
        债务违约       0.93      0.93      0.93       721
      业务资产重组       0.96      0.89      0.92      1608
   股票转让-股权受让       0.84      0.88      0.86       708
     实际控制人变更       0.84      0.94      0.89       276
        债务重组       0.63      0.88      0.74        76
      商业信息泄露       0.97      0.94      0.96       104
        资金紧张       0.92      0.81      0.86       124
   实际控制人涉诉仲裁       0.97      0.98      0.98       112
      财务信息造假       0.93      0.94      0.94       145
        信批违规       0.96      1.00      0.98       623
        评级调整       1.00      0.99      1.00       182

    accuracy                           0.85      9159
   macro avg       0.78      0.78      0.78      9159
weighted avg       0.85      0.85      0.84      9159
