evaluation F1 0.690099245273612
              precision    recall  f1-score   support

        业绩下滑       0.94      0.98      0.96       155
        提现困难       0.65      0.76      0.70       140
        交易违规       0.95      0.99      0.97       438
        失联跑路       0.35      0.85      0.50        62
        涉嫌违法       0.29      0.73      0.41       180
        不能履职       0.76      0.98      0.85       311
        涉嫌传销       0.95      1.00      0.97       472
        投诉维权       0.00      0.00      0.00        50
        财务造假       0.78      0.97      0.87       147
      涉嫌非法集资       0.92      0.99      0.95       558
      资金账户风险       0.84      0.88      0.86        67
        资产负面       0.45      0.37      0.41        59
     实控人股东变更       0.84      1.00      0.92       423
        高管负面       0.33      0.25      0.28        69
        涉嫌欺诈       0.46      0.97      0.62       217
        歇业停业       0.50      0.69      0.58        74
        重组失败       0.99      0.86      0.92       250
    履行连带担保责任       0.80      0.40      0.53        10
        债务违约       0.80      0.98      0.88       551
      业务资产重组       0.90      0.94      0.92       972
   股票转让-股权受让       0.76      0.96      0.84       470
     实际控制人变更       0.76      0.98      0.86       212
        债务重组       0.86      0.72      0.78        25
      商业信息泄露       0.88      0.98      0.93       102
        资金紧张       0.64      0.90      0.75       102
   实际控制人涉诉仲裁       0.88      0.96      0.92       105
      财务信息造假       0.74      0.95      0.83       105
        信批违规       0.00      0.00      0.00         0
        评级调整       0.00      0.00      0.00         0

   micro avg       0.77      0.93      0.84      6326
   macro avg       0.66      0.76      0.69      6326
weighted avg       0.80      0.93      0.85      6326
 samples avg       0.85      0.94      0.88      6326
